25212455802
25212452227
25212368990
25212368989
25212362986
25207918255
25207918244
25204332525
25177655026
25177306342
25176187681
25174202968
25173597431
25173182789
25170764038
25170507931
25169454328
25164968675
25161531976
25159700258
25159385042
25159090075
25158618517
25158444246
25158205456
25149621498
25144563186
25119226714
25110002043
25092924111
25065965770
25059878687
25055359619
25053464161
25053005455
25052473299
25052228109
25043853337
25041010908
25036242762
25036043367
25034945552
25007385249
25005928653
25004932102
25003416545
25000524830
24995957319
24995161857
24994380094
24994321065
24991558787
24987969121
24981418838
24978568590
24977899606
24975938411
24971795698
24971795315